Anio Mes Semana Media.mensual Media.semanal
2020 1 1 413.6 413.44
2020 1 2 413.6 413.2
2020 1 3 413.6 413.87
2020 1 4 413.6 413.94
2020 2 1 414.33 414.53
2020 2 2 414.33 414.5
2020 2 3 414.33 414.31
2020 2 4 414.33 413.63
2020 3 1 414.69 414.15
2020 3 2 414.69 414.37
2020 3 3 414.69 414.59
2020 3 4 414.69 415.81
2020 4 1 416.42 416.2
2020 4 2 416.42 416.61
2020 4 3 416.42 416.31
2020 4 4 416.42 416.62
2020 5 1 417.28 417.24
2020 5 2 417.28 417.09
2020 5 3 417.28 417.29
2020 5 4 417.28 417.53
2020 6 1 416.54 417.12
2020 6 2 416.54 416.61
2020 6 3 416.54 416.36
2020 6 4 416.54 415.91
2020 7 1 414.6 415.48
2020 7 2 414.6 415.08
2020 7 3 414.6 414.22
2020 7 4 414.6 413.49
2020 8 1 412.68 413.16
2020 8 2 412.68 412.9
2020 8 3 412.68 412.54
2020 8 4 412.68 412.05
2020 9 1 411.5 411.8
2020 9 2 411.5 411.63
2020 9 3 411.5 411.32
2020 9 4 411.5 411.16
2020 10 1 411.48 411.32
2020 10 2 411.48 411.28
2020 10 3 411.48 411.65
2020 10 4 411.48 411.69
2020 11 1 413.1 412.15
2020 11 2 413.1 412.99
2020 11 3 413.1 413.08
2020 11 4 413.1 414.52
2020 12 1 414.22 413.36
2020 12 2 414.22 413.88
2020 12 3 414.22 414.73
2020 12 4 414.22 415
2021 1 1 415.49 415.45
2021 1 2 415.49 415.15
2021 1 3 415.49 415.56
2021 1 4 415.49 415.84
2021 2 1 416.72 417.05
2021 2 2 416.72 416.78
2021 2 3 416.72 416.5
2021 2 4 416.72 416.38
2021 3 1 417.57 418.1
2021 3 2 417.57 416.79
2021 3 3 417.57 418.04
2021 3 4 417.57 417.33
2021 4 1 419 418.96
2021 4 2 419 419.02
2021 4 3 419 418.48
2021 4 4 419 419.74
2021 5 1 419.09 419.55
2021 5 2 419.09 418.64
2021 5 3 419.09 418.7
2021 5 4 419.09 419.51
2021 6 1 418.94 419.48
2021 6 2 418.94 419.17
2021 6 3 418.94 418.88
2021 6 4 418.94 417.96
2021 7 1 416.9 417.85
2021 7 2 416.9 417.05
2021 7 3 416.9 416.97
2021 7 4 416.9 415.55
2021 8 1 414.5 414.88
2021 8 2 414.5 414.61
2021 8 3 414.5 414.7
2021 8 4 414.5 413.71
2021 9 1 413.26 413.35
2021 9 2 413.26 413.18
2021 9 3 413.26 413.26
2021 9 4 413.26 413.26
2021 10 1 413.88 413.48
2021 10 2 413.88 413.9
2021 10 3 413.88 414.27
2021 10 4 413.88 413.87
2021 11 1 414.97 414.31
2021 11 2 414.97 414.85
2021 11 3 414.97 415.12
2021 11 4 414.97 415.83
2021 12 1 416.68 416.13
2021 12 2 416.68 416.23
2021 12 3 416.68 417.08
2021 12 4 416.68 417.38
